Type	SBS1+SBS5	SBSBlood	SBS7a	SBS9	SBSA	SBSB	SBSC	SBSD	SBSE	SBSF	SBSG	SBSH
A[C>A]A	0.01310599	0.01588816	0.01322056	0.0103308	0.00746041	0.00569126	0.00424239	0.01088493	0.00651618	0.0081544	0.00676952	0.01497155
A[C>A]C	0.00516916	0.0074424	0.00162006	0.01479416	0.00950518	0.00333168	0.00224706	0.00616871	0.00645252	0.02903158	0.00731429	0.00556818
A[C>A]G	0.00338413	0.00153868	0.00155228	0.00255244	0.00063564	0.00073953	0.00073638	0.00158902	0.00208932	0.00098132	0.00246807	0.00097442
A[C>A]T	0.00520023	0.00732598	0.00526828	0.00822685	0.00484461	0.00346751	0.00185336	0.00579705	0.00239626	0.00929231	0.00263193	0.00655703
A[C>G]A	0.00518191	0.01472082	0.000887	0.00807333	0.0013524	0.00588549	0.01033833	0.00970565	0.00786192	0.00271523	0.01252316	0.00222548
A[C>G]C	0.00258321	0.0039064	0.00158406	0.00133748	0.00185271	0.00411849	0.01060852	0.00654699	0.01707127	0.00226796	0.00408527	0.00150299
A[C>G]G	0.00156365	0.0014322	0.00146469	0.00057709	0.00031648	0.00042588	0.00050524	0.00069051	0.00154967	0.00112659	0.00125593	0.00071446
A[C>G]T	0.00630929	0.00793686	0.0017377	0.00212332	0.00222202	0.00541401	0.00970115	0.01022031	0.01041798	0.00273077	0.00730257	0.00270784
A[C>T]A	0.03050404	0.04572227	0.00171612	0.00952235	0.00152574	0.00478744	0.00544903	0.01371951	0.00735399	0.00275389	0.00548681	0.0029145
A[C>T]C	0.00908065	0.02632957	0.01504884	0.00557179	0.00275868	0.00322657	0.0029127	0.0105249	0.00707111	0.00456595	0.00236735	0.0035459
A[C>T]G	0.1430393	0.06559347	0.01031183	0.00436943	0.00076506	0.00407155	0.00353653	0.01607552	0.00619383	0.00413064	0.00901647	0.00651027
A[C>T]T	0.01261625	0.03357021	0.00336663	0.01010791	0.00295394	0.00286632	0.00243645	0.01139805	0.01080859	0.00376171	0.01414151	0.01027803
A[T>A]A	0.00522303	0.00636838	0.01113726	0.02345983	0.0297178	0.03587025	0.01651582	0.02491893	0.00256787	0.00509578	0.0086863	0.01720119
A[T>A]C	0.00410494	0.00799993	0.00229155	0.01402965	0.00234643	0.00156246	0.00102308	0.00327095	0.01111089	0.00664004	0.00900274	0.00124771
A[T>A]G	0.00559261	0.00663904	0.00660733	0.01085183	0.02101072	0.00882212	0.00124049	0.0039943	0.00699569	0.00256265	0.00507291	0.00214308
A[T>A]T	0.00470021	0.00624122	0.01051768	0.01663324	0.02357703	0.01738009	0.00385296	0.01094857	0.00313501	0.0067518	0.01779654	0.00421627
A[T>C]A	0.0109022	0.02509729	0.0099716	0.01669715	0.01189907	0.03682369	0.08750225	0.04140651	0.00955039	0.00302489	0.01547234	0.04328408
A[T>C]C	0.00645426	0.00871481	0.00287696	0.0051035	0.00306081	0.00365344	0.00113176	0.00314724	0.00514161	0.00176883	0.00588621	0.00291963
A[T>C]G	0.00890606	0.02174755	0.00300635	0.01102369	0.00587447	0.00620256	0.00199682	0.00523172	0.00905481	0.00069798	0.0178322	0.00303838
A[T>C]T	0.01497684	0.02826564	0.00470398	0.03319579	0.00725125	0.01636864	0.02638372	0.02212211	0.00853535	0.00260214	0.01890663	0.00463812
A[T>G]A	0.00294773	0.00285757	0.00113636	0.03418925	0.00496307	0.00791427	0.0115413	0.00982031	0.00635361	0.00234268	0.0114167	0.00201852
A[T>G]C	0.00120415	0.00165022	0.00049946	0.00490361	0.0003271	0.00042302	0.00051232	0.00075869	0.00333934	0.00070151	0.00286995	0.00030933
A[T>G]G	0.00308404	0.00467948	0.00457849	0.0092547	0.0040985	0.00148519	0.00077078	0.00197561	0.00429118	0.00395433	0.00659353	0.00236146
A[T>G]T	0.00690933	0.00321572	0.00847484	0.02018942	0.00171719	0.00196933	0.00229064	0.00247526	0.00690495	0.00116335	0.02722918	0.00166794
C[C>A]A	0.01098353	0.01648051	0.00566201	0.00634204	0.01144936	0.00941266	0.01172538	0.01674361	0.03362062	0.0191891	0.01188045	0.02177698
C[C>A]C	0.00494677	0.00577448	0.00370834	0.00434194	0.01186196	0.00352232	0.00172763	0.00393501	0.00927136	0.01568125	0.00714573	0.00235401
C[C>A]G	0.00279136	0.00178674	0.00100592	0.00121811	0.00114555	0.00095918	0.00228519	0.00143593	0.00496579	0.00156805	0.00145516	0.00180934
C[C>A]T	0.01260217	0.00837669	0.00615333	0.00970808	0.00923122	0.00424966	0.00413424	0.00864147	0.02019047	0.04582015	0.0080708	0.00573188
C[C>G]A	0.0062488	0.00619139	0.00137006	0.00274403	0.0021018	0.02342984	0.06159385	0.03798012	0.06239001	0.00246341	0.00248558	0.00859364
C[C>G]C	0.00296839	0.00474546	0.00121799	0.0020553	0.00163983	0.0057891	0.01293839	0.01058055	0.01469529	0.003746	0.00274918	0.00210386
C[C>G]G	0.00144311	0.00116624	0.00072698	0.00218793	0.00047244	0.00060291	0.00101313	0.00097263	0.00137479	0.00067126	0.00071535	0.00085229
C[C>G]T	0.00639466	0.00642106	0.00492636	0.00254895	0.00144114	0.0114248	0.03491749	0.0159931	0.03857794	0.00510373	0.00362029	0.00973689
C[C>T]A	0.01844415	0.02676349	0.03366491	0.00791782	0.00393414	0.00980808	0.01077796	0.02236017	0.01785592	0.01814297	0.01902306	0.01420775
C[C>T]C	0.02076689	0.02662181	0.05705114	0.00404076	0.00801137	0.00591551	0.00260448	0.01071645	0.0081221	0.16688274	0.00590442	0.01527447
C[C>T]G	0.08520212	0.03113553	0.00690021	0.01122306	0.000963	0.00294993	0.00363864	0.00891361	0.00703287	0.005296	0.0124612	0.00890456
C[C>T]T	0.01773242	0.05426771	0.05647832	0.00600244	0.00520615	0.0073684	0.00571088	0.02508653	0.01020937	0.11977114	0.00891468	0.0040336
C[T>A]A	0.00270825	0.00378959	0.00347324	0.00323444	0.04033135	0.03380594	0.0091574	0.0096029	0.0056925	0.02121706	0.00652446	0.04924738
C[T>A]C	0.0021797	0.00422006	0.00347921	0.00222279	0.01183927	0.00547763	0.00198477	0.00333315	0.00334597	0.02184578	0.01206723	0.00546257
C[T>A]G	0.0048785	0.00527856	0.006324	0.00480805	0.06146929	0.02974745	0.00347605	0.0059367	0.01657888	0.02437853	0.01508968	0.01002255
C[T>A]T	0.00626315	0.00486244	0.01691003	0.00348151	0.04270637	0.03623468	0.01069213	0.01604971	0.02277728	0.04460668	0.02173316	0.01622166
C[T>C]A	0.0045278	0.00829995	0.00362509	0.0064589	0.01132714	0.0177629	0.02694709	0.01177684	0.009941	0.00458035	0.01244422	0.04225938
C[T>C]C	0.00629359	0.0085508	0.00726119	0.00658647	0.00443407	0.00451041	0.0017832	0.00404791	0.00695143	0.00720893	0.01157157	0.0061393
C[T>C]G	0.00531771	0.01018042	0.00370661	0.00693818	0.01084606	0.00938427	0.00215143	0.0035247	0.00723292	0.00633617	0.0257733	0.00283925
C[T>C]T	0.00772213	0.00943606	0.01145289	0.01831872	0.01673917	0.01571952	0.025696	0.01681667	0.01508366	0.01435371	0.04425421	0.02897488
C[T>G]A	0.00208582	0.00162172	0.00301267	0.02635073	0.00709158	0.02059955	0.02755293	0.020353	0.00452223	0.0024676	0.0057378	0.02974608
C[T>G]C	0.00339597	0.00274109	0.00314848	0.00454691	0.00114493	0.00170854	0.00269898	0.00205086	0.0031316	0.0014442	0.01452995	0.00071697
C[T>G]G	0.00232664	0.00396849	0.00869913	0.0114009	0.01327579	0.00668208	0.00241379	0.00360222	0.00430407	0.00462057	0.01264607	0.00552601
C[T>G]T	0.00557291	0.00316466	0.01540114	0.03482922	0.0063013	0.01653843	0.02754013	0.02156669	0.01546552	0.00250956	0.11825357	0.02896673
G[C>A]A	0.01467256	0.00982925	0.00299568	0.01780899	0.00502506	0.00340763	0.00288132	0.00631239	0.00759887	0.03064054	0.02196853	0.03056494
G[C>A]C	0.00349198	0.0045769	0.002343	0.00614253	0.00486152	0.00149557	0.00190058	0.00337602	0.00263953	0.0549245	0.00542489	0.00423875
G[C>A]G	0.00188379	0.00126741	0.00127264	0.00814951	0.00072735	0.00019559	0.00063707	0.00085937	0.00409772	0.00091401	0.00099462	0.00213479
G[C>A]T	0.00749258	0.00530448	0.00355447	0.01397054	0.00423717	0.00177606	0.00276763	0.00448371	0.01122927	0.01104614	0.00643478	0.00619592
G[C>G]A	0.00366846	0.00546035	0.00147592	0.00332232	0.00129375	0.00630582	0.01200052	0.01069617	0.01578933	0.00426536	0.00440237	0.02354004
G[C>G]C	0.00346783	0.00345315	0.00097341	0.00484978	0.00131311	0.00251028	0.00556213	0.00417594	0.0186438	0.02121253	0.00441028	0.00101059
G[C>G]G	0.00112522	0.00091612	0.00132228	0.00080317	0.00035075	0.00044853	0.00094794	0.00092415	0.00430376	0.00057158	0.00109873	0.00064399
G[C>G]T	0.00286104	0.00444142	0.00321145	0.00338333	0.00152591	0.00327557	0.00865099	0.00527079	0.0161763	0.01137561	0.00383713	0.00389643
G[C>T]A	0.02345822	0.02001237	0.01250019	0.01387218	0.00210876	0.00454908	0.00715656	0.01445863	0.03932108	0.02145134	0.00495573	0.01289044
G[C>T]C	0.0255526	0.02580182	0.00720254	0.02653738	0.00255329	0.0030287	0.00464595	0.01585012	0.05722117	0.01467889	0.00604775	0.00479099
G[C>T]G	0.087266	0.03332277	0.00893451	0.00635769	0.00131112	0.00251048	0.00271474	0.01075124	0.00598123	0.0044089	0.00440746	0.00835772
G[C>T]T	0.01307169	0.0402338	0.0032061	0.01284209	0.00390274	0.00302278	0.00467044	0.01547917	0.01789147	0.01272166	0.00432777	0.0054885
G[T>A]A	0.00222791	0.00280143	0.00444699	0.00796171	0.06652315	0.0318708	0.00961676	0.01025106	0.00377332	0.00247627	0.00303821	0.02957307
G[T>A]C	0.00223362	0.00289725	0.00264413	0.01124766	0.00578772	0.00264603	0.00065143	0.0018489	0.00521026	0.00420368	0.00494271	0.00134651
G[T>A]G	0.00273148	0.00328445	0.00340544	0.00351107	0.08283941	0.02106001	0.00108842	0.00271245	0.00453924	0.00295284	0.00435617	0.01434452
G[T>A]T	0.00450756	0.00381262	0.00318698	0.00556441	0.04417062	0.02925514	0.00701121	0.01140674	0.00559767	0.00266281	0.00893182	0.00995803
G[T>C]A	0.00334289	0.00794396	0.00146042	0.00317745	0.02556516	0.02550041	0.0287466	0.0106017	0.00306002	0.00226566	0.00184371	0.0016577
G[T>C]C	0.0044167	0.00577263	0.00106278	0.01148425	0.00295714	0.00233274	0.00082377	0.00193435	0.00718973	0.01398337	0.00776711	0.00417342
G[T>C]G	0.00416792	0.00724605	0.00228037	0.00494798	0.01936528	0.01087016	0.00092946	0.00232395	0.00382851	0.0014732	0.0154846	0.00494742
G[T>C]T	0.00553845	0.01305198	0.01074727	0.01520122	0.02277625	0.02383728	0.02008869	0.01459389	0.0103908	0.00264646	0.00946847	0.00418402
G[T>G]A	0.00215773	0.00144442	0.00212617	0.00641884	0.00850517	0.01850322	0.02311131	0.01737235	0.00358117	0.00140915	0.00172874	0.02097485
G[T>G]C	0.00106293	0.00101845	0.00090094	0.00666606	0.00045526	0.00069942	0.00052794	0.00090939	0.00087158	0.00384905	0.00480927	0.00217304
G[T>G]G	0.0034534	0.00316903	0.00550582	0.00204391	0.01884311	0.00692339	0.00092685	0.00192646	0.00448491	0.0024087	0.0031937	0.00656737
G[T>G]T	0.0046079	0.00173854	0.0063186	0.0295391	0.0133429	0.00948216	0.00937973	0.00918416	0.00576909	0.00101951	0.02729475	0.01186812
T[C>A]A	0.00638361	0.00512945	0.00681047	0.01591115	0.00848149	0.00690485	0.00524062	0.01206718	0.00735372	0.00638983	0.01102541	0.01683989
T[C>A]C	0.00713192	0.00451943	0.00685305	0.00596707	0.00729346	0.00299962	0.00265916	0.00492394	0.01045413	0.00998946	0.00427564	0.00260542
T[C>A]G	0.00238344	0.00114616	0.00098448	0.00474709	0.0004557	0.0003	0.00083568	0.00087292	0.00561478	0.00052247	0.00140613	0.00084847
T[C>A]T	0.0153434	0.00515283	0.00696763	0.03525399	0.00799318	0.00403785	0.00421255	0.00866847	0.01399601	0.01022708	0.00499807	0.01101968
T[C>G]A	0.00390052	0.00424771	0.00494625	0.00241152	0.00243635	0.01247031	0.02251341	0.02047381	0.02863477	0.00476446	0.00183945	0.01105413
T[C>G]C	0.00348055	0.00535672	0.00042976	0.00375417	0.00190791	0.00579197	0.01406888	0.00866539	0.02913256	0.00286119	0.00204527	0.00050483
T[C>G]G	0.00153998	0.00097776	0.00031091	0.00125173	0.00045773	0.00024591	0.00060512	0.00057431	0.00264596	0.00015193	0.0012053	0.00073022
T[C>G]T	0.01024437	0.0079173	0.00349616	0.00231965	0.00499156	0.01051691	0.02148714	0.01576672	0.02822806	0.00917421	0.01379213	0.01067715
T[C>T]A	0.01216802	0.01491205	0.08154416	0.00449085	0.0018639	0.00735219	0.00594685	0.01407463	0.00362781	0.00292301	0.00652683	0.00895851
T[C>T]C	0.01255835	0.0186634	0.20229558	0.00555271	0.00834169	0.00961213	0.00351803	0.01459897	0.00820449	0.00996696	0.00844021	0.01037137
T[C>T]G	0.06263854	0.02131849	0.03244784	0.00480729	0.00085971	0.00197121	0.00170469	0.00755497	0.00527856	0.00190065	0.00596011	0.00443478
T[C>T]T	0.01507296	0.02227466	0.0614559	0.00643354	0.00524377	0.00730331	0.00390682	0.01594664	0.00630638	0.01013237	0.01419672	0.00975631
T[T>A]A	0.00782248	0.00388176	0.00389117	0.02239931	0.03491325	0.0433965	0.0179041	0.01686107	0.01056892	0.00414194	0.00868119	0.05573147
T[T>A]C	0.00229904	0.00348438	0.00395332	0.00318685	0.00463513	0.00394936	0.00161546	0.00281628	0.0027832	0.00231679	0.00304312	0.0019265
T[T>A]G	0.00239224	0.00283243	0.00376279	0.01217029	0.0248314	0.01687984	0.00313477	0.00429119	0.00764562	0.00169554	0.00476811	0.0043528
T[T>A]T	0.00865455	0.00612532	0.03499082	0.01260682	0.05962029	0.0611801	0.01480461	0.02797734	0.00358855	0.003453	0.01141123	0.01624806
T[T>C]A	0.00605042	0.00980399	0.00814599	0.01482845	0.00882919	0.028998	0.06165201	0.0213021	0.01701704	0.00213899	0.00549548	0.06040271
T[T>C]C	0.00596027	0.00698933	0.00830513	0.01597981	0.00385305	0.00356851	0.00117997	0.00282327	0.00405097	0.00333511	0.01158179	0.0033196
T[T>C]G	0.00444641	0.00722164	0.00539487	0.00388217	0.00423372	0.00431392	0.00158963	0.00305017	0.00196272	0.00101767	0.01409522	0.00240983
T[T>C]T	0.00665052	0.01518938	0.00956903	0.01555852	0.01023373	0.02280212	0.04690321	0.02674257	0.0071392	0.00321651	0.02164	0.02440621
T[T>G]A	0.0031692	0.00257929	0.00555327	0.05578149	0.00537817	0.03576839	0.05868683	0.03890694	0.0065291	0.00237214	0.00455624	0.05092472
T[T>G]C	0.0016053	0.00225255	0.00287345	0.00415585	0.00030693	0.00135696	0.00199106	0.00203644	0.00315312	0.00105013	0.00229962	0.00077182
T[T>G]G	0.00300767	0.0036752	0.00753757	0.01129377	0.008389	0.0050368	0.00315672	0.00408396	0.00295606	0.00469583	0.00437882	0.0032586
T[T>G]T	0.01009609	0.00481938	0.01546321	0.04282693	0.00710743	0.02163184	0.03875443	0.0318058	0.01784153	0.00327776	0.06398939	0.00790735
