Signature	SBS1	SBS7a	SBS8	SBS9	SBS17b	SBS18	SBSblood	Signature.Ig
ACA.AAA	0.000886157	6.70E-05	0.044098218	0.000557954	0.000607958	0.051533858	0.020814575	0.005638477
ACC.AAC	0.002280405	0.000179116	0.047798069	0.004089661	0.000128991	0.015810387	0.009003655	0.004567345
ACG.AAG	0.000177031	7.12E-05	0.004619813	0.000425965	5.82E-05	0.002431598	0.002151448	0.000689097
ACT.AAT	0.001280227	0.000248161	0.046998101	0.003049747	0.000455969	0.021414069	0.009275909	0.006254831
CCA.CAA	0.000312055	0.000455295	0.04009838	0.004799602	0.000270981	0.07404865	0.021954632	0.001049611
CCC.CAC	0.001790318	0.000240156	0.038798433	0.001919841	4.11E-05	0.019612886	0.006247025	0.000644377
CCG.CAG	9.32E-05	2.23E-16	0.003409862	0.001369886	2.23E-16	0.012007889	0.002566158	0.001374002
CCT.CAT	2.23E-16	0.000372242	0.032998667	0.003059746	0.000181988	0.036323865	0.011405882	0.00225949
GCA.GAA	0.00158028	4.06E-05	0.024199022	0.007719359	0.000997932	0.10907166	0.012451755	0.004896266
GCC.GAC	0.00033906	0.00013809	0.026198942	0.006679446	2.78E-06	0.017311374	0.005118257	0.006418822
GCG.GAG	0.000587104	4.25E-05	0.002739889	0.000170986	9.24E-05	0.00756497	0.001286156	0.001010307
GCT.GAT	2.23E-16	2.23E-16	0.026898913	0.00855929	0.000533963	0.062340958	0.006503664	0.009033725
TCA.TAA	6.58E-05	0.000390253	0.029798796	0.016998589	1.24E-05	0.073848518	0.005754404	0.003063946
TCC.TAC	0.002530449	0.000636413	0.025098986	0.002459796	2.23E-16	0.043628664	0.004943358	0.002194725
TCG.TAG	2.23E-16	3.44E-05	0.001899923	0.000444963	9.51E-05	0.012708349	0.001238005	0.002491141
TCT.TAT	5.88E-06	0.000613398	0.031898711	0.027297734	0.002569824	0.122080207	0.006733412	0.003524008
ACA.AGA	0.00186033	6.49E-05	0.004329825	0.004839598	0.00014599	0.001731137	0.017970235	0.009687222
ACC.AGC	0.001220217	2.16E-05	0.002949881	0.001959837	4.34E-05	0.002591703	0.004616578	0.014772706
ACG.AGG	0.00011502	5.08E-05	0.000285988	0.001359887	2.23E-16	0.001921262	0.002197153	0.002633148
ACT.AGT	0.001140202	9.57E-05	0.005709769	0.006409468	0.000318978	0.004082682	0.008723961	0.021904094
CCA.CGA	2.41E-05	2.23E-16	0.004999798	0.000892926	0.000193987	0.000613403	0.007432841	0.004237452
CCC.CGC	7.68E-05	0.000131085	0.005459779	0.001539872	4.66E-05	0.002261486	0.004683854	0.0076926
CCG.CGG	0.000352062	7.76E-05	1.05E-05	0.000436964	2.23E-16	0.003582354	0.001125352	0.000425249
CCT.CGT	2.23E-16	9.57E-05	0.005489778	0.003029749	0.000192987	0.003792492	0.006876342	0.010823128
GCA.GGA	9.59E-06	1.96E-05	0.002579896	0.001359887	5.99E-05	0.000635417	0.006334504	0.011881059
GCC.GGC	0.000164029	3.32E-05	0.002389903	0.002829765	5.55E-05	0.001340881	0.00409997	0.021312182
GCG.GGG	0.000166029	4.51E-05	0.00048798	0.000520957	2.23E-16	0.00063942	0.000814521	0.000517431
GCT.GGT	2.23E-16	4.20E-05	0.004859804	0.008569289	2.23E-16	0.001230809	0.005067417	0.05677913
TCA.TGA	2.23E-16	2.23E-16	0.001469941	0.002689777	0.000159989	0.002141407	0.00399069	0.003360752
TCC.TGC	0.000203036	5.09E-05	0.001339946	0.001999834	6.18E-05	0.00464305	0.00456959	0.005399463
TCG.TGG	6.94E-05	6.35E-06	7.82E-05	0.000403966	1.55E-05	0.000899591	0.000929261	0.00131936
TCT.TGT	0.001560277	0.000281182	0.00024899	0.005629533	0.001499897	0.003182091	0.008858657	0.012726142
ACA.ATA	0.025004437	0.000122079	0.006809725	0.008099328	0.000570961	0.009206048	0.050834901	0.011727913
ACC.ATC	0.006321122	0.017711494	0.002819886	0.00541955	7.03E-05	0.004653057	0.026524323	0.009155071
ACG.ATG	0.365064773	2.23E-16	0.00322987	0.004379636	0.00028698	0.012208021	0.024557626	0.001237867
ACT.ATT	0.0095817	0.007424818	0.012499495	0.006489461	0.00014699	0.00797524	0.039272495	0.02333326
CCA.CTA	0.002000355	0.050032468	0.002669892	0.007239399	0.000456969	0.011707692	0.03049658	0.003080217
CCC.CTC	0.000270048	0.055335909	0.004019838	0.008759273	5.89E-05	0.006764444	0.029000465	0.019179842
CCG.CTG	0.196034782	0.006714357	0.00148994	0.00650946	0.000542963	0.016811045	0.010090678	0.00341847
CCT.CTT	0.000196035	0.056636753	0.014499414	0.011099079	0.000135991	0.006654372	0.06341822	0.012977928
GCA.GTA	0.004440788	8.50E-05	0.000275989	0.006979421	6.11E-05	0.009686364	0.021460062	0.032998852
GCC.GTC	9.28E-05	0.011707597	0.00024499	0.006529458	0.000156989	0.008175371	0.02848241	0.024400092
GCG.GTG	0.218038687	5.52E-06	0.001909923	0.004759605	0.000854941	0.01480973	0.006163057	0.002794668
GCT.GTT	3.84E-05	0.016110455	0.004609814	0.010699112	2.23E-16	0.006694398	0.045265234	0.05929305
TCA.TTA	0.001110197	0.238154546	0.005039796	0.004269646	0.000107993	0.011407495	0.017118197	0.005455359
TCC.TTC	3.73E-05	0.331214935	0.00025199	0.007329392	0.000603959	0.011407495	0.020571059	0.017404216
TCG.TTG	0.110019521	0.074148117	4.17E-05	0.003259729	6.24E-05	0.011807758	0.011375081	0.000536767
TCT.TTT	2.23E-16	0.107069481	0.005269787	0.005459547	0.000894939	0.003752465	0.023832461	0.013421781
ATA.AAA	0.000800142	0.00194126	0.019499212	0.012698946	6.26E-05	0.002491637	0.006761137	0.019912855
ATC.AAC	0.002230396	0.000670435	0.02129914	0.002819766	0.00028898	0.000878577	0.008733337	0.002238209
ATG.AAG	0.001140202	0.000587381	0.022799079	0.002759771	6.57E-05	0.002601709	0.007211967	0.009203261
ATT.AAT	0.000183032	0.003712409	0.02499899	0.018898431	0.000632957	0.007845154	0.007442904	0.014304201
CTA.CAA	4.30E-05	0.000177115	0.018999232	0.004789602	9.36E-05	0.000542356	0.003854718	0.009821799
CTC.CAC	0.00039307	0.000261169	0.02919882	0.00312974	0.002239846	0.003062012	0.004374353	0.000939377
CTG.CAG	0.000324057	0.000112073	0.027598885	0.005309559	0.000716951	0.00321211	0.006022721	0.009346365
CTT.CAT	0.000260046	0.000371241	0.041798311	0.004439632	0.007789466	0.002261486	0.00690605	0.004668335
GTA.GAA	8.12E-05	0.00040126	0.012799483	0.00264978	9.73E-05	0.001601052	0.003074109	0.0118807
GTC.GAC	0.000129023	0.000224145	0.013499455	0.002119824	0.000346976	0.001951282	0.003064657	0.002590426
GTG.GAG	0.000246044	0.000290188	0.01559937	0.000787935	0.000240983	0.001831203	0.003622077	0.006776076
GTT.GAT	0.000258046	0.000306199	0.028098865	0.002559788	0.001579892	0.003462275	0.00455402	0.003828966
TTA.TAA	0.006721193	0.000356231	0.011499535	0.025997842	0.001189918	0.0108071	0.003719569	0.018040035
TTC.TAC	2.23E-16	0.000389253	0.019499212	0.001849846	0.000241983	0.002731795	0.003759726	0.002982789
TTG.TAG	2.80E-05	2.23E-16	0.012899479	0.016698614	2.23E-16	0.001791177	0.003245523	0.002182681
TTT.TAT	0.002250399	0.000798518	0.037898469	0.016998589	0.00130991	0.007104668	0.007522102	0.005006668
ATA.ACA	0.001090193	0.000490318	0.009769605	0.020298315	9.73E-05	0.002021328	0.027694755	0.018713727
ATC.ACC	0.003040539	0.000227147	0.005009798	0.010499129	0.000251983	0.002091374	0.009024678	0.010758648
ATG.ACG	0.000106019	0.000187121	0.006979718	0.014298813	2.23E-16	0.002081367	0.02158136	0.021809778
ATT.ACT	0.005741019	0.000615399	0.014899398	0.028997593	0.000543963	0.004242788	0.027780869	0.042617116
CTA.CCA	2.23E-16	0.000451293	0.002389903	0.013698863	0.000646956	0.000386254	0.009051356	0.019152595
CTC.CCC	0.002500444	0.000259168	0.006999717	0.01529873	0.006459557	0.002461617	0.009804946	0.012849785
CTG.CCG	0.000360064	0.000104068	0.001259949	0.015398722	0.003919731	0.001621065	0.011347233	0.020432309
CTT.CCT	4.26E-05	0.001821182	0.006459739	0.03289727	0.018298745	0.002561683	0.010286424	0.032092948
GTA.GCA	0.001050186	0.000101066	0.002599895	0.00951921	5.95E-05	0.000708465	0.007457433	0.011446834
GTC.GCC	0.001900337	7.41E-05	0.002619894	0.009779188	0.001499897	0.002261486	0.006468807	0.009613793
GTG.GCG	0.001170208	7.25E-05	0.002809886	0.006309476	0.001009931	0.003982617	0.00800615	0.01235803
GTT.GCT	7.13E-05	0.000811527	0.006289746	0.009859182	0.001469899	0.003152071	0.012263978	0.018145637
TTA.TCA	0.000255045	0.002151396	0.002079916	0.013998838	0.001059927	0.001801183	0.011195861	0.015813238
TTC.TCC	0.003390602	0.000596387	0.002639893	0.013598871	0.001099925	0.006184063	0.007225481	0.013198292
TTG.TCG	0.000416074	0.000319207	2.22E-16	0.009309227	0.001209917	0.003262143	0.007753369	0.008628108
TTT.TCT	0.004330768	0.000812527	0.004569815	0.038396813	0.000999931	0.003372216	0.014031266	0.033890946
ATA.AGA	0.000172031	0.000473307	0.001639934	0.045096257	0.001409903	0.000721474	0.003163979	0.013116909
ATC.AGC	0.000207037	0.00024716	0.000667973	0.006929425	0.004479693	0.000858564	0.001847557	0.005993639
ATG.AGG	0.000268048	0.000276179	0.004769807	0.005329558	0.000989932	0.001991308	0.005326523	0.003864803
ATT.AGT	0.00011202	0.000309201	0.00073997	0.023898016	0.069095261	0.00184121	0.00413967	0.006790825
CTA.CGA	3.55E-05	8.43E-05	0.001219951	0.025997842	0.002049859	0.000111073	0.001770455	0.00294271
CTC.CGC	0.000212038	0.000172112	0.001949921	0.007409385	0.031397847	0.001991308	0.003257808	0.009017799
CTG.CGG	0.000128023	2.23E-16	0.00469981	0.014198821	0.013699061	0.002931926	0.004574848	0.010302449
CTT.CGT	0.00017103	2.65E-05	0.000573977	0.056495311	0.549962284	0.004142722	0.003357901	0.00325619
GTA.GGA	2.23E-16	9.07E-05	0.001309947	0.008299311	0.000280981	0.000870572	0.001877871	0.006067958
GTC.GGC	2.23E-16	0.000121079	0.000655973	0.005849514	0.006249571	3.70E-05	0.00117401	0.001162829
GTG.GGG	0.000348062	0.000325211	0.00396984	0.003969671	0.001479899	0.005833833	0.003233799	0.005048293
GTT.GGT	1.46E-05	0.000835542	0.001289948	0.01939839	0.113992182	0.002141407	0.00254612	0.007231396
TTA.TGA	2.23E-16	0.000128083	2.22E-16	0.065694547	1.22E-05	0.000696458	0.002843832	0.005301346
TTC.TGC	5.51E-05	0.000116075	0.001139954	0.008619285	0.0087494	0.002101381	0.002405402	0.001641205
TTG.TGG	0.000583103	2.23E-16	0.003089875	0.010899095	0.004779672	0.001450953	0.003339568	0.004571038
TTT.TGT	2.23E-16	8.30E-05	0.00099596	0.063894697	0.121991634	0.005163392	0.006095649	0.007449444